# skyview history file
Version 3
:0
Sky above - annotated
3.14159 3.14159 1.5708 5 9 6 1 1 1 0 1
 20:00:00
  2:00:00
578 578 0 1 0 0 1 1 1 0 0 1 0 0 0 1 1 1 32 32 32 9 8 3
0011111
10000000000000000000000000000000000000000000000000000000000000000111101110111111111111100000000000000000000000000000000000000000
:1
Sky above - clean
3.14159 3.14159 1.5708 5 9 6 1 0 1 0 1
 20:00:00
  2:00:00
578 578 0 1 0 0 1 0 0 0 0 0 0 0 0 1 0 1 0 0 0 5 7 2
0011111
10000000000000000000000000000000000000000000000000000000000000000111101110111111111111100000000000000000000000000000000000000000
:2
360 Equator
3.14159 3.14159 0 5 9 6 1 1 1 0 1
 30:00:00
  2:00:00
870 435 1 0 0 0 1 1 1 0 0 1 0 0 1 1 0 1 32 32 32 10 10 3
0011111
10000000000000000000000000000000000000000000000000000000000000000111101110111111111111100000000000000000000000000000000000000000
:3
East horizon
1.5708 1.5708 0.785398 5 9 6 1 0 1 1 1
         
         
698 349 1 1 0 0 1 1 1 0 1 1 0 0 0 1 0 1 32 32 32 10 10 3
0011111
10000000000000000000000000000000000000000000000000000000000000000111101110111111111111100000000000000000000000000000000000000000
:4
South horizon
1.5708 3.14159 0.785398 5 9 6 1 0 1 1 1
         
         
698 349 1 1 0 0 1 1 1 0 1 1 0 0 0 1 0 1 32 32 32 10 10 3
0011111
10000000000000000000000000000000000000000000000000000000000000000111101110111111111111100000000000000000000000000000000000000000
:5
West horizon
1.5708 4.71239 0.785398 5 9 6 1 0 1 1 1
         
         
698 349 1 1 0 0 1 1 1 0 1 1 0 0 0 1 0 1 32 32 32 10 10 3
0011111
10000000000000000000000000000000000000000000000000000000000000000111101110111111111111100000000000000000000000000000000000000000
:6
North horizon
1.5708 0 0.785398 5 9 6 1 0 1 1 1
         
         
698 349 1 1 0 0 1 1 1 0 1 1 0 0 0 1 0 1 32 32 32 10 10 3
0011111
10000000000000000000000000000000000000000000000000000000000000000111101110111111111111100000000000000000000000000000000000000000
# end
