111 372 0
140 817 0
161 1216 0
190 1811 0
221 2415 0
251 3015 0
281 3611 0
311 4216 0
351 5011 0
381 5617 0
411 6213 0
440 6809 0
471 7413 0
501 8014 0
530 8610 0
562 9229 0
595 9777 0
621 10067 0
651 10231 0
681 10216 0
711 10110 0
740 10038 0
771 10012 0
801 10003 0
830 10001 0
861 10000 0
891 10000 0
922 10000 0
953 10000 0
981 10000 0
1011 10000 0
1041 10001 0
1071 10004 0
1101 10008 0
1130 10011 1
1170 10015 1
1201 10018 1
1231 10020 1
1261 10023 1
1300 10027 1
1331 10029 1
1361 10032 1
1401 10036 1
1431 10039 1
1460 10041 1
1491 10043 1
1531 10047 1
1561 10049 1
1591 10050 1
1631 10053 1
1661 10053 1
1691 10055 1
1721 10056 1
1760 10057 1
1791 10056 1
1821 10057 1
1850 10057 1
1890 10056 1
1921 10055 1
1951 10054 1
1991 10051 1
2020 10049 1
2051 10047 1
2081 10044 1
2121 10039 1
2151 10036 1
2181 10032 1
2221 10027 1
2251 10023 1
2280 10017 1
2311 10013 1
2351 10008 1
2381 10003 1
2410 9998 1
2441 9994 1
2481 9988 1
2511 9983 1
2541 9978 1
2580 9973 1
2610 9969 1
2641 9965 1
2671 9962 1
2711 9958 1
2741 9956 1
2771 9953 1
2801 9950 1
2841 9949 1
2870 9949 1
2901 9947 1
2941 9948 1
2971 9948 1
3000 9949 1
3031 9951 1
3071 9954 1
3101 9957 1
3130 9961 1
3171 9967 1
3201 9970 1
3231 9975 1
3260 9981 1
3300 9989 1
3331 9994 1
3361 10000 1
3401 10008 1
3430 10014 1
3460 10021 1
3491 10027 1
3531 10036 1
3560 10042 1
3591 10048 1
3621 10054 1
3661 10062 1
3690 10067 1
3720 10072 1
3761 10080 1
3791 10084 1
3821 10087 1
3851 10090 1
3891 10095 1
3921 10098 1
3951 10099 1
3980 10100 1
4020 10101 1
4051 10100 1
4081 10100 1
4121 10098 1
4150 10095 1
4181 10092 1
4211 10089 1
4251 10084 1
4281 10080 1
4311 10075 1
4351 10067 1
4381 10061 1
4410 10056 1
4441 10050 1
4481 10040 1
4511 10033 1
4540 10025 1
4571 10017 1
4611 10007 1
4641 9999 1
4670 9991 1
4711 9981 1
4740 9973 1
4771 9963 1
4801 9954 1
4840 9943 1
4871 9935 1
4901 9927 1
4941 9916 1
4970 9908 1
5001 9899 1
5031 9891 0
5061 9887 0
5090 9887 0
5121 9887 0
5151 9887 0
5180 9887 0
5211 9887 0
5241 9887 0
5271 9887 0
5300 9887 0
5331 9887 0
5361 9887 0
5391 9887 0
5421 9887 0
5451 9887 0
5480 9887 0
5511 9887 0
5541 9887 0
5571 9887 0
5600 9887 0
5631 9887 0
5661 9887 0
5690 9887 0
5722 9887 0
5751 9887 0
5785 9887 0
5810 9887 0
5841 9887 0
5871 9887 0
5900 9887 0
5931 9887 0
5961 9887 0
5990 9887 0
